1654232517.202258825 1.42852 0.0300425 0.0746111 0.0100805 -0.0266955 0.00154288 0.999592
1654232517.202258825 1.42852 0.0300425 0.0746111 0.0100805 -0.0266955 0.00154288 0.999592
1654232517.447248459 2.80859 0.0574815 0.148954 0.0100632 -0.0265134 0.0021724 0.999595
1654232517.447248459 2.80859 0.0574782 0.148954 0.0100633 -0.0265137 0.00217225 0.999595
1654232517.700829744 4.17224 0.08914 0.225008 0.0101314 -0.0261229 0.0043441 0.999598
1654232517.700829744 4.17233 0.0891045 0.225011 0.0101321 -0.0261187 0.00434357 0.999598
1654232517.945997715 5.47216 0.119596 0.292976 0.010113 -0.0260896 0.00476624 0.999597
1654232517.945997715 5.47234 0.119503 0.293007 0.0101064 -0.0260824 0.0047667 0.999597
1654232518.202100515 6.74273 0.154735 0.363975 0.00696893 -0.023722 0.00518704 0.999681
1654232518.202100515 6.7421 0.154862 0.363967 0.0069523 -0.0237129 0.00514744 0.999681
1654232518.444785357 7.99311 0.19337 0.41931 0.0070025 -0.023414 0.00739747 0.999674
1654232518.444785357 7.9929 0.193111 0.419276 0.00703002 -0.0234129 0.00735398 0.999674
1654232518.698343039 9.2149 0.235625 0.472576 0.00661297 -0.0237204 0.00894443 0.999657
1654232518.698343039 9.21782 0.235434 0.472706 0.00656461 -0.0237056 0.00889334 0.999658
1654232518.947381496 10.4012 0.277604 0.528778 0.00656142 -0.0235896 0.0109506 0.99964
1654232518.947381496 10.4007 0.275944 0.528577 0.00661149 -0.0236348 0.0110091 0.999638
1654232519.200233936 11.5664 0.323731 0.589079 0.0121609 -0.0324825 0.0133482 0.999309
1654232519.200233936 11.5654 0.327273 0.589258 0.0121394 -0.0323823 0.0132945 0.999313
1654232519.443072081 12.7072 0.374156 0.66549 0.0122488 -0.0325861 0.0162612 0.999262
1654232519.443072081 12.7058 0.377627 0.664974 0.0122622 -0.0326414 0.0161982 0.999261
1654232519.698068380 13.872 0.437663 0.753397 0.0118444 -0.0270702 0.0182645 0.999396
1654232519.698068380 13.8715 0.434297 0.753945 0.0118411 -0.0270263 0.0183332 0.999396
1654232519.948194504 15.0784 0.504484 0.811608 0.0117368 -0.0257903 0.020039 0.999398
1654232519.948194504 15.0795 0.502342 0.81202 0.0117462 -0.0258296 0.0200959 0.999395
1654232520.195275784 16.2801 0.57714 0.829741 0.0116846 -0.0251642 0.0218952 0.999375
1654232520.195275784 16.2827 0.573435 0.829951 0.0117552 -0.0254832 0.0219837 0.999364
1654232520.442976236 17.4983 0.656659 0.838627 0.0139724 -0.0171055 0.0212797 0.99953
1654232520.442976236 17.4921 0.663141 0.837996 0.0138952 -0.0168397 0.0211052 0.999539
1654232520.697027206 18.719 0.7313 0.838343 0.0153923 -0.0166384 0.0207707 0.999527
1654232520.697027206 18.7151 0.734128 0.836705 0.015362 -0.0164837 0.02065 0.999533
1654232520.945020199 19.9569 0.802804 0.849207 0.0155504 -0.0165132 0.0221453 0.999497
1654232520.945020199 19.9521 0.807401 0.847475 0.0155173 -0.0163107 0.022 0.999504
1654232521.196948528 21.2366 0.883206 0.903836 0.0163957 -0.0151353 0.0236949 0.99947
1654232521.196948528 21.2326 0.887676 0.902436 0.0162522 -0.0149213 0.0235824 0.999478
1654232521.443177462 22.5861 0.977792 0.948419 0.0163141 -0.0148214 0.0254928 0.999432
1654232521.443177462 22.5906 0.973989 0.949958 0.0164223 -0.0150184 0.0256016 0.999424
1654232521.694674253 23.9759 1.07717 0.983298 0.0171962 -0.0100732 0.0278143 0.999414
1654232521.694674253 23.9794 1.07462 0.984976 0.0172636 -0.0101886 0.0278932 0.99941
1654232521.862071514 24.9189 1.14632 0.988516 0.0171304 -0.00897121 0.0287162 0.999401
1654232521.862071514 24.9219 1.14491 0.990078 0.0171826 -0.00909218 0.0287897 0.999396
1654232522.113230228 26.3611 1.25633 1.00622 0.0170911 -0.0075226 0.0309072 0.999348
1654232522.113230228 26.3579 1.2593 1.00473 0.0170697 -0.00743642 0.0307799 0.999353
1654232522.279437542 27.3377 1.33129 1.01303 0.0170965 -0.00731086 0.0321272 0.999311
1654232522.279437542 27.3357 1.33618 1.01157 0.0170332 -0.00722317 0.0319693 0.999318
1654232522.449779987 28.3213 1.41733 1.02251 0.0165014 -0.005644 0.0330388 0.999302
1654232522.449779987 28.3229 1.41334 1.0241 0.0165252 -0.00564795 0.0331898 0.999296
1654232522.696704865 29.8435 1.54232 1.03626 0.0155457 -0.00369337 0.0348205 0.999266
1654232522.696704865 29.8429 1.54608 1.03471 0.0155322 -0.00370679 0.0346594 0.999272
1654232522.862047672 30.8731 1.63839 1.03269 0.0134133 2.05712e-05 0.0362176 0.999254
1654232522.862047672 30.876 1.63209 1.0341 0.0134232 1.85634e-05 0.0363946 0.999247
1654232523.026845932 31.9088 1.73345 1.0243 0.0133236 0.000103138 0.0364834 0.999245
1654232523.026845932 31.9117 1.72955 1.02578 0.0133337 0.000122985 0.0366305 0.99924
1654232523.195376158 32.952 1.82867 1.01882 0.00941655 -0.00021573 0.0365134 0.999289
1654232523.195376158 32.9497 1.83083 1.01731 0.00940572 -0.000202484 0.0363989 0.999293
1654232523.363089323 34.003 1.92566 1.01711 0.00942358 0.000324644 0.0371589 0.999265
1654232523.363089323 34.0008 1.92855 1.0155 0.00940952 0.000349741 0.0370375 0.99927
1654232523.529485226 35.0675 2.02498 1.01373 0.00945096 0.000437055 0.0376375 0.999247
1654232523.529485226 35.0699 2.02403 1.01659 0.00941996 0.000561918 0.0377412 0.999243
1654232523.700851440 36.1353 2.12803 1.0169 0.0100298 0.000160366 0.0379369 0.99923
1654232523.700851440 36.137 2.12584 1.01971 0.0100014 0.00029342 0.0380483 0.999226
1654232523.862951279 37.2088 2.22701 1.01511 0.0100561 0.000372434 0.0383318 0.999214
1654232523.862951279 37.207 2.22861 1.0128 0.0100813 0.000278918 0.0382304 0.999218
1654232524.032653332 38.28 2.32887 1.01981 0.0102999 0.000699973 0.0387328 0.999196
1654232524.032653332 38.2794 2.33036 1.01756 0.0103101 0.000657682 0.0386376 0.9992
1654232524.199564934 39.3604 2.43253 1.01884 0.0102947 0.000840792 0.038685 0.999198
1654232524.199564934 39.3596 2.43416 1.01677 0.010294 0.000822378 0.0385838 0.999202
1654232524.368020535 40.4401 2.53667 1.01682 0.0102237 0.00146517 0.0396848 0.999159
1654232524.368020535 40.4379 2.53816 1.01464 0.0102171 0.00144238 0.0395746 0.999163
1654232524.533897877 41.5215 2.64269 1.01528 0.0100503 0.00235952 0.03919 0.999178
1654232524.533897877 41.5195 2.64544 1.01316 0.0100324 0.00234773 0.0390534 0.999184
1654232524.700079679 42.6119 2.7475 1.00812 0.00952084 0.00356382 0.0392665 0.999177
1654232524.700079679 42.6098 2.74986 1.00599 0.00957258 0.00352227 0.0391169 0.999183
1654232524.869891882 43.7061 2.85798 0.992686 0.00934287 0.00398494 0.0401678 0.999141
1654232524.869891882 43.706 2.85401 0.994757 0.00932922 0.0040087 0.0403431 0.999134
1654232525.030786753 44.8017 2.96737 0.971627 0.00382026 0.0110355 0.0406118 0.999107
1654232525.030786753 44.8024 2.96368 0.973671 0.00381279 0.0110526 0.0407828 0.9991
1654232525.197882414 45.9047 3.0756 0.94191 0.0031503 0.0118832 0.0418419 0.999049
1654232525.197882414 45.9038 3.0793 0.939914 0.00315674 0.0118713 0.0416658 0.999056
1654232525.365297794 47.0073 3.19236 0.902741 0.00304954 0.0121865 0.0423086 0.999026
1654232525.365297794 47.0081 3.18996 0.904651 0.00302985 0.0121755 0.0424697 0.999019
1654232525.535506010 48.1106 3.30622 0.867615 0.00255383 0.0127678 0.0431451 0.998984
1654232525.535506010 48.1129 3.3037 0.869481 0.00252604 0.0127526 0.0433133 0.998977
1654232525.700076580 49.2279 3.42383 0.831366 0.00231824 0.0129792 0.0436755 0.998959
1654232525.700076580 49.2246 3.42559 0.82944 0.00235811 0.0129825 0.0435079 0.998966
1654232525.862258196 50.3443 3.5456 0.790218 0.00108469 0.0138184 0.0446475 0.998907
1654232525.862258196 50.3479 3.54434 0.792139 0.00104285 0.0138115 0.0448134 0.998899
1654232526.031405210 51.4615 3.66878 0.744655 0.000938716 0.0140331 0.0456292 0.998859
1654232526.031405210 51.4651 3.66789 0.746583 0.000899936 0.0140275 0.0457968 0.998852
1654232526.197369576 52.5806 3.79383 0.700486 0.000532178 0.0141049 0.0461643 0.998834
1654232526.197369576 52.5836 3.79335 0.702412 0.000497256 0.0140977 0.046329 0.998827
1654232526.368849993 53.7013 3.92086 0.665083 -0.00417063 0.0137739 0.0472511 0.998779
1654232526.368849993 53.7041 3.92068 0.66701 -0.00421948 0.0137657 0.047415 0.998772
1654232526.531278849 54.8264 4.0496 0.635222 -0.00583186 0.0134641 0.0478656 0.998746
1654232526.531278849 54.8295 4.04962 0.637145 -0.00587189 0.0134603 0.048033 0.998738
1654232526.698697090 55.9574 4.18163 0.60826 -0.00666682 0.0138544 0.0488994 0.998685
1654232526.698697090 55.9597 4.1819 0.610197 -0.00669338 0.0138456 0.04907 0.998677
1654232526.865276575 57.0899 4.31565 0.586424 -0.00737755 0.0148895 0.0502823 0.998597
1654232526.865276575 57.0876 4.31487 0.584484 -0.00736045 0.0148969 0.050113 0.998605
1654232527.032765388 58.2259 4.45444 0.561442 -0.00820709 0.015951 0.0506853 0.998554
1654232527.032765388 58.2245 4.45413 0.559473 -0.00820244 0.0159541 0.0505176 0.998562
1654232527.198649406 59.3566 4.59299 0.530033 -0.00830586 0.0161296 0.0509373 0.998537
1654232527.198649406 59.3578 4.59308 0.531967 -0.00831466 0.0161162 0.0511152 0.998528
1654232527.363193750 60.4921 4.73239 0.507055 -0.00879685 0.0166159 0.0512756 0.998508
1654232527.363193750 60.4934 4.73305 0.509003 -0.00879223 0.016605 0.0514494 0.998499
1654232527.526337147 61.6165 4.87239 0.480902 -0.00902741 0.0167065 0.051965 0.998468
1654232527.526337147 61.6163 4.8709 0.478955 -0.00897296 0.0167352 0.0517955 0.998477
1654232527.695960522 62.7291 5.01156 0.457813 -0.00902168 0.0166307 0.0523182 0.998451
1654232527.695960522 62.7285 5.00935 0.456014 -0.0090064 0.0166909 0.0521513 0.998459
1654232527.861611843 63.8356 5.14784 0.443824 -0.0133446 0.00837211 0.0518371 0.998531
1654232527.861611843 63.8364 5.15116 0.445625 -0.0133518 0.00835505 0.0520026 0.998523
1654232528.024893761 64.9369 5.28415 0.437827 -0.0128793 0.00787856 0.052461 0.998509
1654232528.024893761 64.9371 5.28874 0.439619 -0.0128678 0.00785988 0.0526139 0.998501
1654232528.195088148 66.0291 5.42694 0.423942 -0.0126016 0.008504 0.0526681 0.998496
1654232528.195088148 66.0286 5.42199 0.422133 -0.0125991 0.00852264 0.0525202 0.998504
1654232528.363270760 67.1098 5.55729 0.400602 -0.0124992 0.00868166 0.0526347 0.998498
1654232528.363270760 67.1094 5.56378 0.402529 -0.0125232 0.00869055 0.0527598 0.998491
1654232528.532848358 68.189 5.69331 0.384329 -0.0119313 0.00904149 0.0520905 0.99853
1654232528.532848358 68.1878 5.70002 0.386262 -0.0119273 0.00903444 0.0522277 0.998523
1654232528.697831154 69.2671 5.8291 0.365736 -0.0117123 0.0097662 0.0523502 0.998512
1654232528.697831154 69.2662 5.83537 0.367684 -0.0117405 0.00977763 0.0524866 0.998505
1654232528.863028288 70.3424 5.97087 0.346463 -0.0116612 0.00983444 0.0522262 0.998519
1654232528.863028288 70.3434 5.96356 0.344595 -0.0116525 0.00984208 0.0520993 0.998525
1654232529.029520035 71.4115 6.10483 0.324596 -0.0112916 0.00969871 0.0515456 0.99856
1654232529.029520035 71.4122 6.09694 0.322749 -0.0113227 0.00974208 0.0514202 0.998565
1654232529.198186398 72.4779 6.23827 0.30505 -0.00808282 0.00903842 0.050904 0.99863
1654232529.198186398 72.4786 6.23015 0.303162 -0.00810986 0.00906446 0.0507755 0.998636
1654232529.369998455 73.543 6.36737 0.286366 -0.00814931 0.00917602 0.0493642 0.998705
1654232529.369998455 73.5435 6.35908 0.284434 -0.00816866 0.00920449 0.0492338 0.998711
1654232529.535024881 74.6032 6.4929 0.268679 -0.007456 0.0092227 0.0480833 0.998773
1654232529.535024881 74.6048 6.48445 0.266692 -0.00742854 0.00920133 0.0479539 0.99878
1654232529.701287746 75.6573 6.61701 0.249292 -0.00736022 0.00954107 0.0461714 0.998861
1654232529.701287746 75.6591 6.60828 0.247341 -0.00733828 0.00952008 0.0460436 0.998867
1654232529.869704723 76.7034 6.72394 0.227869 -0.00691992 0.00991618 0.0443221 0.998944
1654232529.869704723 76.702 6.73416 0.229735 -0.00690597 0.0099354 0.0444454 0.998939
1654232530.033786297 77.741 6.84541 0.208083 -0.00638439 0.01043 0.0430276 0.998999
1654232530.033786297 77.7409 6.83664 0.206291 -0.00637571 0.010402 0.0428618 0.999007
1654232530.202799797 78.7569 6.94159 0.182879 -0.00631926 0.01059 0.0412462 0.999073
1654232530.202799797 78.757 6.95081 0.184598 -0.00632278 0.0106225 0.041415 0.999066
1654232530.453053951 80.2519 7.08973 0.156996 -0.00554181 0.0107922 0.0401781 0.999119
1654232530.453053951 80.2517 7.09928 0.158669 -0.0056163 0.0108279 0.0403629 0.999111
1654232530.619943380 81.2311 7.18542 0.136988 -0.00525552 0.0108317 0.0403961 0.999111
1654232530.619943380 81.2294 7.19605 0.138627 -0.00532554 0.0108773 0.0405726 0.999103
1654232530.784924507 82.1994 7.28067 0.116854 -0.000795639 0.0108553 0.0404538 0.999122
1654232530.865848064 82.6772 7.34045 0.109261 -0.000140238 0.0111072 0.0405939 0.999114
1654232531.032150507 83.6277 7.4239 0.0894356 0.000236935 0.0120552 0.0405596 0.999104
1654232531.117090225 84.0953 7.48133 0.0819681 0.000704079 0.0127661 0.0410216 0.999076
1654232531.202339172 84.5639 7.51916 0.0659102 0.000155467 0.0124529 0.0412689 0.99907
1654232531.368012905 85.4905 7.62165 0.0466336 0.00084919 0.0132341 0.0424998 0.999008
1654232531.451683998 85.9478 7.66139 0.0285408 0.000385023 0.0127488 0.0423388 0.999022
1654232531.619321823 86.8492 7.7615 0.0045476 0.000951154 0.0135573 0.0429157 0.998986
1654232531.700536013 87.3006 7.8023 -0.0095868 0.000639769 0.0130038 0.0429083 0.998994
1654232531.874695301 88.2002 7.90621 -0.0268347 0.00114039 0.0138585 0.0429999 0.998978
1654232531.949474096 88.6482 7.94488 -0.0368151 0.000784477 0.0130852 0.0424895 0.999011
1654232532.125213385 89.5534 8.05292 -0.0517337 0.00139488 0.0142738 0.043092 0.998968
1654232532.200180769 90.0051 8.08733 -0.0597644 0.00128814 0.015919 0.042811 0.998956
1654232532.367306471 90.9186 8.19856 -0.0830483 0.00160309 0.0147499 0.0434483 0.998946
1654232532.451546907 91.3723 8.23128 -0.099373 0.00155285 0.0162147 0.0431808 0.998934
1654232532.617962599 92.2842 8.34676 -0.112999 0.00192116 0.0152174 0.0433055 0.998944
1654232532.700314522 92.7421 8.37698 -0.130035 0.0021427 0.0164571 0.0430327 0.998936
1654232532.867344379 93.6564 8.49176 -0.142297 0.00229276 0.0150791 0.0432386 0.998948
1654232532.950687885 94.1115 8.51969 -0.158769 0.00248359 0.0162807 0.0430698 0.998936
1654232533.119338512 95.0321 8.63997 -0.166584 0.0061033 0.0119731 0.0427113 0.998997
1654232533.202176809 95.4911 8.66674 -0.183633 0.00488213 0.0138914 0.0421017 0.999005
1654232533.368818998 96.4075 8.78374 -0.191945 0.00605862 0.0137127 0.0422936 0.998993
1654232533.453938961 96.8709 8.809 -0.213258 0.00484867 0.0144319 0.0421409 0.998996
1654232533.616116047 97.8007 8.92986 -0.232419 0.0058688 0.01407 0.0419818 0.999002
1654232533.701818228 98.2654 8.95781 -0.25503 0.00473638 0.0148728 0.0414969 0.999017
1654232533.787170410 98.7228 9.0279 -0.263872 0.00589639 0.0141617 0.0416301 0.999015
1654232533.868825912 99.1935 9.05484 -0.284273 0.00475753 0.0149608 0.0411472 0.99903
1654232534.033281088 100.125 9.17345 -0.295302 0.00596865 0.0143949 0.0400817 0.999075
1654232534.114132404 100.599 9.19774 -0.313123 0.0047405 0.0152249 0.0400105 0.999072
1654232534.289237499 101.531 9.31658 -0.327243 0.00611129 0.0146274 0.0404952 0.999054
1654232534.367551804 102.007 9.33953 -0.340752 0.00494791 0.01583 0.0401847 0.999055
1654232534.451476097 102.474 9.41247 -0.338944 0.00636685 0.0154557 0.03979 0.999068
1654232534.707365274 103.919 9.55808 -0.363886 0.00645162 0.0161348 0.0382348 0.999118
1654232534.619844675 103.431 9.48252 -0.35181 0.00537739 0.0166452 0.0375059 0.999143
1654232534.787191868 104.407 9.57422 -0.376577 0.00551375 0.016795 0.0390908 0.999079
1654232534.869915962 104.883 9.65127 -0.3924 0.00656507 0.0162058 0.0393703 0.999072
1654232535.033439636 105.848 9.71568 -0.421218 0.00577805 0.0171415 0.0377997 0.999122
1654232535.121582031 106.324 9.79527 -0.436382 0.00670019 0.016573 0.0367758 0.999164
1654232535.287432909 107.289 9.88609 -0.45887 0.00671417 0.0165955 0.0348676 0.999232
1654232535.287432909 107.294 9.85511 -0.45384 0.00623714 0.017366 0.0345849 0.999231
1654232535.454977274 108.259 9.93882 -0.474625 0.00671014 0.0180123 0.0350831 0.9992
1654232535.534972429 108.737 10.0188 -0.49757 0.00808646 0.017038 0.0343927 0.99923
1654232535.702954769 109.709 10.1003 -0.532672 0.00781993 0.0173112 0.0319597 0.999309
1654232535.702954769 109.718 10.0677 -0.512947 0.00686146 0.0189077 0.0316841 0.999296
1654232535.956274271 111.179 10.2216 -0.576323 0.00763887 0.017637 0.0298025 0.999371
1654232535.956274271 111.185 10.1901 -0.555921 0.0069711 0.0190331 0.0295158 0.999359
1654232536.119509220 112.162 10.3023 -0.602649 0.00792717 0.0174207 0.028749 0.999403
1654232536.119509220 112.17 10.2672 -0.582629 0.00704951 0.0189457 0.0284925 0.99939
1654232536.289226294 113.183 10.3056 -0.627825 0.0182927 0.0130194 0.0270162 0.999383
1654232536.289226294 113.19 10.2991 -0.60739 0.0182024 0.0132298 0.0267387 0.999389
1654232536.454818249 114.177 10.3698 -0.633512 0.0179942 0.0136151 0.0254531 0.999421
1654232536.454818249 114.168 10.3795 -0.653533 0.0181475 0.0133958 0.0257062 0.999415
1654232536.623134375 115.156 10.4516 -0.685246 0.0180097 0.013452 0.0247364 0.999441
1654232536.623134375 115.165 10.4424 -0.665787 0.0179178 0.0136239 0.0244741 0.999447
1654232536.873112440 116.607 10.5531 -0.73276 0.0158064 0.0137226 0.0213961 0.999552
1654232536.873112440 116.615 10.5433 -0.710625 0.0158013 0.0137568 0.0211353 0.999557
1654232537.123841763 118.02 10.6264 -0.752557 0.0149261 0.0138036 0.015335 0.999676
1654232537.123841763 118.012 10.6398 -0.774975 0.0150239 0.0136989 0.0155623 0.999672
1654232537.287720680 118.959 10.689 -0.794976 0.0138057 0.0138914 0.0122432 0.999733
1654232537.287720680 118.966 10.6744 -0.772398 0.0137738 0.0139563 0.0120247 0.999735
1654232537.456052303 119.908 10.729 -0.821531 0.0134929 0.0139871 0.00836262 0.999776
1654232537.456052303 119.917 10.7166 -0.798994 0.013433 0.0140328 0.00810998 0.999778
1654232537.702108860 121.339 10.7794 -0.86288 0.0113949 0.0137939 0.000440432 0.99984
1654232537.702108860 121.346 10.7657 -0.840364 0.0112963 0.0138702 0.000204349 0.99984
1654232537.957640171 122.777 10.7903 -0.877882 0.0103018 0.0139566 -0.00865849 0.999812
1654232537.871273041 122.292 10.7987 -0.889089 0.0108787 0.0139151 -0.00502867 0.999831
1654232538.121956110 123.725 10.8097 -0.928315 0.0101554 0.0138084 -0.0144252 0.999749
1654232538.121956110 123.733 10.7936 -0.906989 0.00991747 0.0138671 -0.0146576 0.999747
1654232538.371518850 125.172 10.7773 -0.943376 0.00791016 0.0120279 -0.0249091 0.999586
1654232538.289793015 124.681 10.8034 -0.951842 0.00907634 0.0131761 -0.0213811 0.999643
1654232538.541980982 126.13 10.7524 -0.963435 0.00751577 0.0119828 -0.0317997 0.999394
1654232538.541980982 126.125 10.7621 -0.983811 0.00818497 0.0126205 -0.0315153 0.99939
1654232538.788075924 127.581 10.6809 -0.99353 0.0069754 0.0120772 -0.0410001 0.999062
1654232538.788075924 127.577 10.6925 -1.01129 0.00755138 0.0127373 -0.040794 0.999058
1654232538.955633879 128.562 10.6116 -1.01639 0.00663671 0.0123473 -0.0470918 0.998792
1654232538.955633879 128.553 10.6279 -1.0358 0.00718554 0.0127944 -0.0469058 0.998792
1654232539.121465921 129.543 10.5254 -1.037 0.0063062 0.0121468 -0.053019 0.9985
1654232539.204304695 130.025 10.4957 -1.06795 0.00661429 0.0124833 -0.0557053 0.998347
1654232539.372705936 131.025 10.3884 -1.06735 0.00596754 0.0115374 -0.0623565 0.997969
1654232539.372705936 131.021 10.3874 -1.0897 0.00631737 0.0122419 -0.0619433 0.997985
1654232539.537539005 132.019 10.2823 -1.08802 0.00582101 0.0103905 -0.0692695 0.997527
1654232539.621814966 132.503 10.2287 -1.12144 0.00633763 0.00896741 -0.0719853 0.997345
1654232539.707121849 133.024 10.1622 -1.10765 0.00619312 0.00892403 -0.0754967 0.997087
1654232539.794335365 133.516 10.098 -1.13355 0.00620887 0.00894212 -0.0787022 0.996839
1654232539.871933460 134.033 10.0338 -1.12177 0.00617324 0.00893075 -0.0823109 0.996548
1654232539.956789255 134.534 9.95929 -1.14346 0.00604138 0.0088896 -0.0847232 0.996347
1654232540.127402782 135.566 9.79296 -1.1428 0.00622994 0.00936187 -0.0913739 0.995753
1654232540.200109720 136.075 9.71923 -1.16741 0.00620773 0.00919841 -0.093517 0.995556
1654232540.291984081 136.594 9.61822 -1.16109 0.00615137 0.00952652 -0.0961514 0.995302
1654232540.368316889 137.104 9.5412 -1.18727 0.00613265 0.00955579 -0.0984124 0.995081
1654232540.458533525 137.624 9.43537 -1.1825 0.00592028 0.00966917 -0.101388 0.994782
1654232540.535643578 138.136 9.3526 -1.21022 0.00589208 0.00971324 -0.103902 0.994523
1654232540.628328562 138.657 9.23998 -1.20543 0.00572175 0.00973746 -0.10635 0.994265
1654232540.702145100 139.172 9.15313 -1.23406 0.00563045 0.00970769 -0.108187 0.994067
1654232540.794383526 139.694 9.03476 -1.22796 0.00519562 0.00960642 -0.110632 0.993801
1654232540.870851517 140.214 8.94173 -1.25458 0.00430073 0.0100088 -0.112797 0.993558
1654232540.961994410 140.74 8.81838 -1.24755 0.00371792 0.0103614 -0.114986 0.993306
1654232541.034813404 141.26 8.72076 -1.27608 0.00395803 0.0103498 -0.116825 0.993091
1654232541.132131577 141.792 8.58971 -1.27115 0.00341703 0.0107184 -0.118987 0.992832
1654232541.200511456 142.317 8.48819 -1.29964 0.00368955 0.0105241 -0.120757 0.992619
1654232541.296229839 142.853 8.35041 -1.2961 0.00318464 0.0109349 -0.122903 0.992353
1654232541.367803812 143.383 8.2453 -1.32515 0.00339588 0.0106991 -0.124945 0.9921
1654232541.465593815 143.921 8.10208 -1.32515 0.00290883 0.0110024 -0.127189 0.991813
1654232541.532876253 144.453 7.99126 -1.34935 0.00288645 0.0106958 -0.129393 0.991532
1654232541.630720615 144.994 7.84137 -1.34927 0.00244901 0.0109831 -0.131367 0.99127
1654232541.698865891 145.526 7.72778 -1.37186 -0.00397066 0.010176 -0.133383 0.991004
1654232541.804434538 146.07 7.57374 -1.3708 -0.00443727 0.0102847 -0.135524 0.990711
1654232541.867722750 146.601 7.45523 -1.39278 -0.00455998 0.0105921 -0.137429 0.990444
1654232541.965664864 147.149 7.2928 -1.39163 -0.0049505 0.0107526 -0.139186 0.990196
1654232542.030434132 147.682 7.17081 -1.4147 -0.00487164 0.0114878 -0.140935 0.98994
1654232542.129478693 148.229 7.00223 -1.41283 -0.0052515 0.0112946 -0.142239 0.989754
1654232542.196668386 148.761 6.87709 -1.44143 -0.00502248 0.0116035 -0.143553 0.989562
1654232542.295779943 149.311 6.70532 -1.43461 -0.00544168 0.0113659 -0.145124 0.989333
1654232542.364168644 149.845 6.57304 -1.46362 -0.00529349 0.0120044 -0.146399 0.989139
1654232542.461288214 150.4 6.40116 -1.45849 -0.00598275 0.0140602 -0.147869 0.988889
1654232542.530681849 150.929 6.26512 -1.49255 -0.00548284 0.0121807 -0.149102 0.988732
1654232542.632408619 151.48 6.09042 -1.49176 -0.0061573 0.0143138 -0.150669 0.988461
1654232542.698238373 152.011 5.95211 -1.52585 -0.00593989 0.0126168 -0.15165 0.988336
1654232542.801249981 152.565 5.77008 -1.52578 -0.00641803 0.0144171 -0.153012 0.988098
1654232542.862960815 153.095 5.6326 -1.55724 -0.0067364 0.0125567 -0.153934 0.987978
1654232542.959569931 153.652 5.44259 -1.55687 -0.00840068 0.0127227 -0.155367 0.987739
1654232543.032222033 154.188 5.3034 -1.58739 -0.00723555 0.0132756 -0.156133 0.98762
1654232543.126158476 154.743 5.11427 -1.58467 -0.0084526 0.0130678 -0.157582 0.987383
1654232543.203620434 155.275 4.97193 -1.61798 -0.00739331 0.0132033 -0.158492 0.987244
1654232543.293903112 155.83 4.78255 -1.61029 -0.0086158 0.012935 -0.160152 0.98697
1654232543.367681265 156.363 4.63528 -1.63983 -0.0078802 0.0113967 -0.161034 0.986852
1654232543.463701010 156.919 4.44051 -1.63012 -0.00808895 0.0114403 -0.162337 0.986636
1654232543.537609577 157.46 4.28712 -1.65655 -0.00790799 0.0117542 -0.162874 0.986545
1654232543.636657000 158.02 4.08588 -1.64864 -0.00813858 0.0116483 -0.163959 0.986365
1654232543.705069780 158.559 3.93067 -1.67725 -0.00785973 0.0120493 -0.164064 0.986345
1654232543.798921347 159.122 3.72953 -1.6706 -0.00787646 0.0126996 -0.164858 0.986204
1654232543.868269205 159.658 3.57508 -1.70202 -0.00780049 0.0128639 -0.164978 0.986183
1654232543.966619253 160.222 3.37487 -1.69845 -0.00790433 0.0128336 -0.165686 0.986063
1654232544.035697460 160.755 3.22013 -1.72933 -0.00786579 0.0130973 -0.165633 0.986069
1654232544.130900383 161.318 3.01671 -1.72545 -0.00793866 0.0129885 -0.166335 0.985952
1654232544.202008247 161.853 2.86158 -1.75508 -0.00808718 0.0140211 -0.166264 0.985948
1654232544.296937466 162.42 2.65671 -1.75122 -0.00875003 0.0149339 -0.167101 0.985788
1654232544.367990255 162.955 2.49888 -1.78508 -0.00881943 0.0162342 -0.166899 0.985801
1654232544.463554621 163.52 2.29444 -1.78536 -0.00879635 0.0152931 -0.167647 0.985689
1654232544.538280725 164.056 2.13842 -1.82141 -0.00900279 0.0162577 -0.167549 0.985689
1654232544.626841307 164.622 1.93246 -1.81513 -0.0109336 0.0152396 -0.16802 0.985605
1654232544.704423189 165.159 1.7742 -1.85607 -0.0091327 0.0167655 -0.167592 0.985672
1654232544.794692993 165.726 1.56777 -1.84603 -0.0114979 0.0166191 -0.168114 0.98556
1654232544.870003939 166.263 1.41082 -1.8883 -0.0113034 0.0169141 -0.167969 0.985582
1654232544.959682226 166.83 1.20259 -1.88049 -0.0115381 0.016842 -0.168416 0.985505
1654232545.035307884 167.367 1.04613 -1.91861 -0.0114269 0.0174038 -0.168032 0.985562
1654232545.127939939 167.932 0.838967 -1.90749 -0.0119916 0.0187512 -0.168538 0.985444
1654232545.198999405 168.471 0.682341 -1.94537 -0.0115043 0.0174205 -0.167922 0.985579
1654232545.292927027 169.041 0.472524 -1.94072 -0.0120193 0.0187163 -0.168427 0.985463
1654232545.371134520 169.583 0.315846 -1.97074 -0.0137163 0.0172367 -0.16804 0.985534
1654232545.459648848 170.156 0.103763 -1.96911 -0.0142552 0.0175504 -0.168748 0.9854
1654232545.533006430 170.698 -0.0542613 -2.00304 -0.0140331 0.0174409 -0.168189 0.9855
1654232545.626646042 171.276 -0.265624 -2.00254 -0.0140938 0.0189243 -0.168684 0.985388
1654232545.700653791 171.813 -0.423995 -2.04073 -0.0140222 0.0176805 -0.168066 0.985517
1654232545.795889616 172.387 -0.636525 -2.04128 -0.0140973 0.0191758 -0.168642 0.98539
1654232545.868400574 172.918 -0.791841 -2.07644 -0.0140756 0.017778 -0.168026 0.985522
1654232545.959692001 173.498 -1.00272 -2.07866 -0.0140848 0.0194286 -0.168472 0.985414
1654232546.033319712 174.03 -1.15853 -2.11164 -0.0140643 0.0188778 -0.167876 0.985527
1654232546.126728773 174.61 -1.37259 -2.11616 -0.0140919 0.019634 -0.168438 0.985416
1654232546.199450731 175.147 -1.5279 -2.14713 -0.0141432 0.0190143 -0.167933 0.985514
1654232546.292877436 175.726 -1.7461 -2.14891 -0.0141223 0.0200615 -0.168458 0.985403
1654232546.368465424 176.269 -1.8973 -2.18044 -0.0138358 0.0216678 -0.167986 0.985454
1654232546.457170486 176.852 -2.11852 -2.18479 -0.0140801 0.020498 -0.168442 0.985398
1654232546.531728029 177.399 -2.27258 -2.22808 -0.0138106 0.0218434 -0.168027 0.985444
1654232546.626216412 177.98 -2.49598 -2.2204 -0.0140928 0.0210795 -0.16847 0.985381
1654232546.698120594 178.533 -2.64503 -2.2643 -0.0138735 0.0234342 -0.168141 0.985387
1654232546.792414665 179.114 -2.86894 -2.26295 -0.0140635 0.0214562 -0.168568 0.985356
1654232546.862105846 179.663 -3.01979 -2.30738 -0.0138874 0.0236808 -0.168112 0.985386
1654232546.954946518 180.246 -3.24513 -2.30465 -0.0140944 0.0214588 -0.168532 0.985362
1654232547.032461882 180.798 -3.39307 -2.34633 -0.0140952 0.0234921 -0.168042 0.985399
1654232547.122988224 181.382 -3.61878 -2.33994 -0.014527 0.0214167 -0.168475 0.985366
1654232547.197830915 181.93 -3.76671 -2.3863 -0.0142274 0.0242338 -0.168079 0.985373
1654232547.292849302 182.509 -3.99391 -2.3768 -0.0145154 0.0225409 -0.168455 0.985345
1654232547.362420321 183.061 -4.13538 -2.43208 -0.0141376 0.0248305 -0.168147 0.985348
1654232547.451508284 183.635 -4.36569 -2.42561 -0.0144626 0.0230834 -0.168466 0.985331
1654232547.527678490 184.184 -4.50679 -2.48613 -0.0141316 0.024928 -0.16804 0.985364
1654232547.619683743 184.757 -4.73685 -2.47188 -0.0144464 0.0232033 -0.168361 0.985346
1654232547.696072340 185.308 -4.87782 -2.52175 -0.0142712 0.0267043 -0.16817 0.985293
1654232547.786345005 185.879 -5.10677 -2.50488 -0.0146345 0.0238202 -0.168467 0.985311
1654232547.862053871 186.427 -5.24751 -2.56156 -0.0142885 0.0269053 -0.168048 0.985308
1654232547.952491760 186.997 -5.47504 -2.53705 -0.0147561 0.0237373 -0.168208 0.985355
1654232548.029208660 187.546 -5.61748 -2.59851 -0.0144007 0.026839 -0.167857 0.985341
1654232548.118909597 188.113 -5.84612 -2.57044 -0.0158971 0.0227259 -0.168148 0.985371
1654232548.196203947 188.66 -5.98687 -2.62739 -0.0159769 0.0248104 -0.167808 0.985378
1654232548.282785654 189.23 -6.21362 -2.60248 -0.0160217 0.0227383 -0.168149 0.985369
1654232548.364244699 189.774 -6.35405 -2.65471 -0.0167729 0.0246952 -0.167864 0.985358
1654232548.451166868 190.341 -6.58011 -2.62773 -0.017068 0.0226597 -0.168116 0.985359
1654232548.530217886 190.889 -6.72044 -2.68688 -0.0170826 0.0247011 -0.167807 0.985362
1654232548.617797852 191.457 -6.94294 -2.66365 -0.0171767 0.0228819 -0.168106 0.985354
1654232548.691073179 192.002 -7.08401 -2.71929 -0.0172038 0.0247032 -0.167741 0.985371
1654232548.789468050 192.569 -7.31022 -2.69757 -0.0173882 0.0229005 -0.168009 0.985366
1654232548.860535860 193.11 -7.44866 -2.75256 -0.0178374 0.024509 -0.167689 0.985374
1654232548.950211525 193.674 -7.67255 -2.73039 -0.0180946 0.0226473 -0.168052 0.985352
1654232549.024341106 194.211 -7.80932 -2.78691 -0.0182139 0.0243928 -0.167629 0.98538
1654232549.116710663 194.775 -8.03541 -2.76071 -0.0193018 0.0223689 -0.168019 0.985341
1654232549.190294743 195.319 -8.17029 -2.81597 -0.0192851 0.0239355 -0.167651 0.985367
1654232549.282155037 195.88 -8.39958 -2.79304 -0.0194094 0.022583 -0.167922 0.985351
1654232549.356079340 196.424 -8.53245 -2.84617 -0.0197301 0.0241494 -0.167584 0.985364
1654232549.447318792 196.986 -8.7644 -2.82644 -0.0196714 0.0226819 -0.167822 0.98536
1654232549.523843527 197.533 -8.8988 -2.8821 -0.0200127 0.0241134 -0.167562 0.985363
1654232549.615567923 198.089 -9.1266 -2.8633 -0.0200792 0.0227129 -0.167762 0.985361
1654232549.691838026 198.632 -9.2601 -2.91763 -0.0238053 0.0219285 -0.167632 0.985318
1654232549.780345678 199.188 -9.48639 -2.8957 -0.0239892 0.0210408 -0.167773 0.985309
1654232549.858318329 199.73 -9.62076 -2.94254 -0.0251282 0.0216948 -0.167273 0.985352
1654232549.944578171 200.288 -9.85006 -2.91734 -0.0248872 0.0208723 -0.167335 0.985365
1654232550.024811745 200.832 -9.98374 -2.96085 -0.0265899 0.0215765 -0.167126 0.985341
1654232550.112683773 201.397 -10.2152 -2.94049 -0.0287065 0.020742 -0.167332 0.985264
1654232550.190406799 201.936 -10.3463 -2.99074 -0.0285002 0.0221185 -0.167109 0.985278
1654232550.278972864 202.492 -10.5758 -2.98021 -0.0287179 0.0208767 -0.167139 0.985294
1654232550.358201742 203.025 -10.702 -3.03 -0.0287001 0.0223725 -0.166809 0.985318
1654232550.442839384 203.574 -10.9317 -3.01763 -0.0291196 0.0210882 -0.166812 0.985333
1654232550.522936821 204.104 -11.0543 -3.06327 -0.0289339 0.0226962 -0.166487 0.985358
1654232550.612800598 204.654 -11.2838 -3.04648 -0.0293956 0.0215167 -0.166507 0.985367
1654232550.691673040 205.188 -11.4131 -3.09666 -0.0290242 0.0227865 -0.166085 0.985421
1654232550.781932354 205.739 -11.6377 -3.07792 -0.0296653 0.0219192 -0.166167 0.985408
1654232550.854620457 206.273 -11.7657 -3.12978 -0.0297779 0.0228461 -0.166031 0.985406
1654232550.945679903 206.818 -11.9891 -3.11706 -0.0298406 0.0220833 -0.166274 0.985381
1654232551.021504879 207.344 -12.1131 -3.16876 -0.0303783 0.0226556 -0.165998 0.985398
1654232551.113102198 207.885 -12.3356 -3.15431 -0.0304053 0.0221112 -0.166242 0.985368
1654232551.190158844 208.407 -12.4639 -3.20569 -0.0304203 0.0225842 -0.165859 0.985421
1654232551.279171944 208.941 -12.6813 -3.19111 -0.0304217 0.0221337 -0.165972 0.985413
1654232551.356901407 209.467 -12.8077 -3.23707 -0.0312384 0.021554 -0.165601 0.985462
1654232551.447699308 210.001 -13.0265 -3.22175 -0.0308359 0.0218212 -0.165663 0.985459
1654232551.524660349 210.525 -13.1503 -3.26499 -0.031168 0.0222907 -0.165104 0.985532
1654232551.620220423 211.057 -13.369 -3.25155 -0.0307975 0.0225674 -0.164997 0.985555
1654232551.690632105 211.574 -13.4898 -3.30025 -0.0310932 0.0227304 -0.164428 0.985637
1654232551.782472849 212.101 -13.7067 -3.29288 -0.0307199 0.0228363 -0.164314 0.985665
1654232551.857155561 212.617 -13.8256 -3.33777 -0.0310154 0.0230097 -0.163918 0.985718
1654232551.946143389 213.141 -14.0427 -3.32881 -0.0306415 0.0232483 -0.163962 0.985717
1654232552.024480343 213.659 -14.1571 -3.37536 -0.0308849 0.0235709 -0.163459 0.985785
1654232552.112525702 214.179 -14.3752 -3.36764 -0.0305253 0.0236175 -0.16311 0.985853
1654232552.191920519 214.696 -14.4898 -3.41444 -0.0307234 0.0238451 -0.16216 0.985998
1654232552.278120518 215.21 -14.7061 -3.40434 -0.0303709 0.023684 -0.161705 0.986087
1654232552.356400967 215.725 -14.8142 -3.44251 -0.0302433 0.0241643 -0.160951 0.986203
1654232552.446101189 216.237 -15.0326 -3.43092 -0.0297425 0.0244333 -0.16032 0.986314
1654232552.523671150 216.751 -15.136 -3.47293 -0.0299421 0.0245045 -0.159431 0.986451
1654232552.609310627 217.263 -15.353 -3.46517 -0.0295605 0.0247117 -0.158595 0.986592
1654232552.689891815 217.775 -15.4525 -3.50298 -0.0297214 0.0246254 -0.157384 0.986783
1654232552.777072906 218.288 -15.6701 -3.49464 -0.0292471 0.0248756 -0.156274 0.986967
1654232552.860110760 218.804 -15.7696 -3.52832 -0.0287157 0.0239776 -0.154903 0.987221
1654232552.947036982 219.31 -15.9814 -3.52157 -0.0283477 0.0244492 -0.153564 0.987429
1654232553.025345802 219.82 -16.0739 -3.55983 -0.0280806 0.0254267 -0.151948 0.987662
1654232553.110875607 220.321 -16.2825 -3.55453 -0.0279855 0.0247557 -0.150131 0.98796
1654232553.191509247 220.829 -16.3717 -3.5909 -0.0276793 0.0256303 -0.148162 0.988243
1654232553.276214838 221.329 -16.5749 -3.58042 -0.0275349 0.0249176 -0.146349 0.988536
1654232553.354881525 221.84 -16.6605 -3.62913 -0.0271431 0.0259731 -0.143782 0.988896
1654232553.445274830 222.338 -16.8598 -3.6018 -0.0266376 0.0253217 -0.140947 0.989335
1654232553.524322987 222.852 -16.9413 -3.65517 -0.02659 0.0261896 -0.137057 0.98986
1654232553.612452745 223.345 -17.1323 -3.63582 -0.0257162 0.0253943 -0.133563 0.990381
1654232553.692144871 223.86 -17.2053 -3.67459 -0.0251673 0.0257118 -0.12979 0.990888
1654232553.782124758 224.358 -17.3891 -3.65828 -0.0249741 0.0254855 -0.126512 0.991323
1654232553.859438658 224.866 -17.4523 -3.69925 -0.0245203 0.0258761 -0.12231 0.991852
1654232553.949970722 225.362 -17.6293 -3.682 -0.0241992 0.0255487 -0.118515 0.992329
1654232554.118821144 226.369 -17.8538 -3.70698 -0.023796 0.0255997 -0.110029 0.993314
1654232554.027597666 225.867 -17.6771 -3.71959 -0.0241918 0.025395 -0.113905 0.992872
1654232554.197176933 226.872 -17.8899 -3.75193 -0.0219234 0.0207079 -0.105806 0.993929
1654232554.288692236 227.374 -18.0577 -3.72902 -0.0211525 0.0195257 -0.101779 0.99439
1654232554.363156319 227.872 -18.0844 -3.77782 -0.0211687 0.0210328 -0.0976821 0.99477
1654232554.455214739 228.373 -18.245 -3.745 -0.0206444 0.0197195 -0.0938104 0.995181
1654232554.628237963 229.373 -18.3499 -3.81492 -0.020179 0.0215264 -0.0853916 0.99591
1654232554.628237963 229.374 -18.4108 -3.77326 -0.020244 0.0199365 -0.0854637 0.995936
1654232554.789467335 230.372 -18.4974 -3.83914 -0.0197086 0.0217973 -0.0769593 0.996601
1654232554.864747047 230.874 -18.6353 -3.8146 -0.019676 0.020368 -0.0734385 0.996898
1654232554.959523678 231.377 -18.6384 -3.86418 -0.0194573 0.0219489 -0.0702223 0.9971
1654232555.031532288 231.873 -18.766 -3.84243 -0.0192707 0.0207278 -0.066825 0.997363
1654232555.128465652 232.37 -18.7616 -3.88863 -0.0191954 0.0222444 -0.0634413 0.997553
1654232555.199787378 232.87 -18.8816 -3.86684 -0.0192546 0.0209072 -0.0602334 0.99778
1654232555.296012878 233.366 -18.871 -3.91384 -0.0194089 0.0227338 -0.0574382 0.997901
1654232555.463600159 234.36 -19.0296 -3.91417 -0.0199736 0.0214741 -0.0526836 0.998181
1654232555.539511681 234.851 -19.0166 -3.96742 -0.0192003 0.0234185 -0.0497033 0.998305
1654232555.629589558 235.343 -19.1184 -3.94666 -0.0199229 0.0218408 -0.047527 0.998432
1654232555.796202421 236.331 -19.1317 -4.009 -0.0193073 0.0242243 -0.0421228 0.998632
1654232555.868824005 236.836 -19.2256 -3.98658 -0.0203111 0.0232994 -0.0398063 0.998729
1654232555.967692375 237.329 -19.189 -4.04535 -0.0190373 0.0248463 -0.0370017 0.998825
1654232556.132299900 238.311 -19.3047 -4.04672 -0.0202857 0.0239985 -0.0323451 0.998983
1654232556.132299900 238.311 -19.2394 -4.08914 -0.0187127 0.0252462 -0.0321788 0.998988
1654232556.310841084 239.277 -19.3448 -4.08947 -0.0201903 0.024185 -0.0279582 0.999112
1654232556.367194653 239.759 -19.3 -4.15114 -0.0190222 0.0254347 -0.0245686 0.999193
1654232556.465159655 240.238 -19.3791 -4.12156 -0.0218394 0.0241397 -0.0226588 0.999213
1654232556.631669283 241.206 -19.3379 -4.19711 -0.0244809 0.0246405 -0.0179034 0.999236
1654232556.700790405 241.69 -19.4077 -4.18158 -0.0219585 0.0244959 -0.0154541 0.999339
1654232556.796405554 242.166 -19.3515 -4.2433 -0.0242609 0.024872 -0.0133206 0.999307
1654232556.968219519 243.11 -19.4169 -4.24186 -0.0248103 0.0237608 -0.00892985 0.99937
1654232557.033923626 243.582 -19.351 -4.29673 -0.0275262 0.0237967 -0.00696641 0.999314
1654232557.132755280 244.048 -19.4108 -4.27449 -0.02595 0.0239101 -0.0054204 0.999363
1654232557.300059080 244.984 -19.3385 -4.33717 -0.0308433 0.0232563 -0.00188861 0.999252
1654232557.367247820 245.454 -19.3933 -4.31493 -0.0261693 0.0245022 0.00041874 0.999357
1654232557.467069626 245.917 -19.3213 -4.37088 -0.0307069 0.0238154 0.00214819 0.999242
1654232557.630027533 246.833 -19.3607 -4.36899 -0.0261712 0.0249656 0.00559517 0.99933
1654232557.699789286 247.283 -19.2855 -4.42373 -0.0304412 0.0244106 0.00784835 0.999208
1654232557.795006990 247.74 -19.3339 -4.40103 -0.0268988 0.0254733 0.00980307 0.999265
1654232557.962046623 248.636 -19.2296 -4.46845 -0.0311916 0.0247992 0.0138594 0.99911
1654232558.033631086 249.085 -19.2766 -4.45266 -0.0281869 0.0258821 0.0164492 0.999132
1654232558.203313828 249.973 -19.1567 -4.51111 -0.0332275 0.0246934 0.021087 0.99892
1654232558.296032429 250.411 -19.2046 -4.50096 -0.0301342 0.0255715 0.0234666 0.998943
1654232558.464094400 251.284 -19.0754 -4.56311 -0.0339334 0.0249603 0.0280771 0.998718
1654232558.531944275 251.719 -19.1129 -4.54927 -0.0319664 0.0258096 0.0309474 0.998676
1654232558.625383139 252.151 -19.008 -4.5988 -0.0338989 0.0257389 0.033558 0.99853
1654232558.795000792 253 -19.0045 -4.60495 -0.0316573 0.0264244 0.039596 0.998365
1654232558.868817806 253.422 -18.8919 -4.65188 -0.0335567 0.0263801 0.0432149 0.998154
1654232559.034633160 254.256 -18.8795 -4.653 -0.0322796 0.0266624 0.0513545 0.997803
1654232559.123896599 254.665 -18.7575 -4.70329 -0.033872 0.0266344 0.0551354 0.997549
1654232559.289762735 255.472 -18.7256 -4.70451 -0.0319573 0.0273056 0.0630926 0.997122
1654232559.362832069 255.867 -18.596 -4.7549 -0.0332608 0.0274914 0.0676494 0.996776
1654232559.527470589 256.634 -18.5543 -4.75663 -0.0318213 0.0276081 0.0765956 0.996172
1654232559.622172356 257.006 -18.4198 -4.80946 -0.0331511 0.027677 0.080042 0.995856
1654232559.788822889 257.714 -18.3686 -4.80948 -0.0328549 0.0267478 0.088931 0.995136
1654232559.862117290 258.066 -18.2271 -4.86138 -0.0329443 0.027581 0.093665 0.994676
1654232560.029505491 258.733 -18.1684 -4.85762 -0.0332009 0.0248373 0.103612 0.993753
1654232560.195587397 259.395 -17.9419 -4.92446 -0.0322428 0.0245975 0.113986 0.992654
1654232560.360364914 260.021 -17.8698 -4.91671 -0.0308169 0.0238505 0.127732 0.991043
1654232560.526585579 260.643 -17.6196 -4.98551 -0.029922 0.0256245 0.141995 0.989083
1654232560.693824053 261.243 -17.5227 -4.97695 -0.028043 0.0245808 0.159527 0.986489
1654232560.859768867 261.844 -17.2424 -5.04722 -0.022432 0.0203952 0.179379 0.983313
1654232561.026292562 262.406 -17.1237 -5.03343 -0.0209872 0.0210048 0.201495 0.979039
1654232561.193677664 263.018 -16.7858 -5.09854 -0.018513 0.022003 0.226465 0.973595
1654232561.359902859 263.498 -16.4811 -5.09331 -0.00811683 0.020263 0.254009 0.966956
1654232561.527997017 264.1 -16.0863 -5.15969 -0.00475878 0.0211387 0.279892 0.959787
1654232561.691431046 264.585 -15.8479 -5.1472 -0.00437342 0.0226748 0.305355 0.951958
1654232561.859561443 265.167 -15.3785 -5.21498 -0.00104238 0.0230398 0.332906 0.942678
1654232562.026107073 265.608 -15.0779 -5.20113 0.000689473 0.0233259 0.35722 0.933729
1654232562.192859888 266.15 -14.556 -5.26576 0.00529416 0.0214438 0.385724 0.92235
1654232562.360460281 266.551 -14.1896 -5.24687 0.00745796 0.022061 0.412028 0.910873
1654232562.526528835 267.038 -13.6025 -5.30706 0.00911813 0.0230164 0.437887 0.898689
1654232562.694517612 267.388 -13.1849 -5.2891 0.0104087 0.0230859 0.461946 0.886546
1654232562.863418102 267.821 -12.554 -5.34974 0.00913156 0.0205802 0.487733 0.872702
1654232563.031564474 268.118 -12.1014 -5.32988 0.0101688 0.0205681 0.511205 0.859152
1654232563.198510647 268.49 -11.4237 -5.38339 0.0110698 0.0218622 0.534359 0.844902
1654232563.363539934 268.729 -10.9278 -5.36021 0.0118353 0.0218117 0.556401 0.830543
1654232563.696018934 269.201 -9.65396 -5.38964 0.0127082 0.0229526 0.596085 0.802493
1654232563.529111624 269.024 -10.1855 -5.41311 0.0130339 0.0234975 0.578106 0.815519
1654232563.862091064 269.431 -8.86389 -5.44153 0.0119446 0.0230075 0.61438 0.788584
1654232564.030976534 269.562 -8.3101 -5.41763 0.0129479 0.0237147 0.630263 0.775911
1654232564.197302341 269.726 -7.4963 -5.47154 0.0125564 0.0237704 0.64414 0.764435
1654232564.311374426 269.748 -7.27313 -5.44032 0.0129426 0.0241242 0.648996 0.760299
1654232564.531384706 269.888 -6.20428 -5.46144 0.0125409 0.024035 0.669142 0.74264
1654232564.531384706 269.924 -6.0823 -5.5006 0.0118408 0.023553 0.66967 0.742191
1654232564.869248867 269.995 -4.74536 -5.48939 0.0100257 0.0225905 0.690608 0.722807
1654232564.869248867 270.03 -4.62819 -5.5282 0.00997539 0.0225816 0.691184 0.722257
1654232565.138863325 270.051 -3.52619 -5.54948 0.00995754 0.0236679 0.700059 0.713623
1654232565.138863325 270.019 -3.64529 -5.51072 0.0100401 0.0236829 0.699507 0.714163
1654232565.366089344 270.01 -2.5273 -5.53115 0.010022 0.0244285 0.705193 0.708523
1654232565.366089344 270.043 -2.41023 -5.57035 0.00994572 0.0243927 0.705778 0.707943
1654232565.697887659 269.977 -1.03377 -5.56218 0.00948291 0.0253253 0.706453 0.707243
1654232565.697887659 270.008 -0.918109 -5.6014 0.0093989 0.0253092 0.707036 0.706662
1654232565.977064133 269.981 0.186406 -5.62856 0.0087776 0.0260786 0.70641 0.707268
1654232565.977064133 269.953 0.0715103 -5.58944 0.00884163 0.0260921 0.705841 0.707835
1654232566.202140570 269.93 1.15481 -5.61939 0.00836138 0.0265857 0.705278 0.708383
1654232566.202140570 269.957 1.27197 -5.65881 0.00832644 0.0265379 0.705853 0.707812
1654232566.532490253 269.928 2.66197 -5.69439 0.00791188 0.0269102 0.70435 0.709298
1654232566.532490253 269.902 2.54484 -5.65496 0.00794307 0.0269574 0.703772 0.70987
1654232566.865955591 269.905 3.99402 -5.72634 0.0074127 0.0270462 0.699917 0.713673
1654232566.865955591 269.883 3.87928 -5.687 0.00740414 0.0271284 0.699402 0.714175
1654232567.199490070 269.886 5.17799 -5.71613 0.00676649 0.0266265 0.689343 0.723914
1654232567.199490070 269.904 5.29387 -5.75528 0.00678023 0.0265351 0.689849 0.723435
1654232567.530393362 269.923 6.44281 -5.74491 0.00641131 0.0260412 0.674593 0.737703
1654232567.530393362 269.942 6.56094 -5.78412 0.00623697 0.0261576 0.675132 0.737207
1654232567.863456726 270.044 7.8056 -5.81678 0.00504372 0.0251904 0.654757 0.755403
1654232567.863456726 270.019 7.68624 -5.77634 0.00503646 0.0251478 0.654125 0.755952
1654232568.195837498 270.201 9.0332 -5.84583 0.0031654 0.0237884 0.625071 0.780199
1654232568.195837498 270.189 8.91276 -5.80618 0.00343318 0.0235632 0.624532 0.780636
1654232568.533408642 270.462 10.2245 -5.87569 0.00815847 0.0218529 0.5892 0.80765
1654232568.533408642 270.454 10.1027 -5.83595 0.00836573 0.0218949 0.58868 0.808026
1654232568.865927458 270.826 11.3436 -5.90142 0.00780126 0.0216848 0.55065 0.834418
1654232568.865927458 270.817 11.222 -5.86182 0.00801409 0.0213365 0.550079 0.834801
1654232569.198034048 271.257 12.2263 -5.89056 0.00612389 0.0202583 0.513074 0.858084
1654232569.198034048 271.266 12.3487 -5.93142 0.00634483 0.0201944 0.513693 0.857713
1654232569.532881260 271.725 13.0969 -5.90737 0.0122799 0.0256438 0.477951 0.877926
1654232569.532881260 271.736 13.2191 -5.94844 0.0124345 0.0255601 0.478632 0.877555
1654232570.031602383 272.419 14.2009 -5.99571 0.0113242 0.0257209 0.43679 0.899124
1654232570.031602383 272.41 14.0798 -5.95462 0.0113172 0.0257 0.43607 0.899474
1654232570.695713043 273.05 14.8672 -6.00631 0.012592 0.0298895 0.401632 0.915226
1654232570.695713043 273.064 14.9841 -6.04781 0.0125168 0.0299601 0.402448 0.914867
1654232571.636559725 273.72 15.6102 -6.04996 0.0180501 0.0257357 0.386225 0.921869
1654232571.636559725 273.728 15.7291 -6.09142 0.0179631 0.0257364 0.387082 0.921511
1654232572.697955370 274.458 16.4652 -6.12849 0.0187275 0.0243221 0.384482 0.922622
1654232572.697955370 274.45 16.3448 -6.08692 0.0188221 0.0242673 0.383642 0.922971
1654232573.529711008 275.265 17.1887 -6.11418 0.0189852 0.0231921 0.384961 0.922446
1654232573.529711008 275.268 17.3088 -6.15575 0.0190828 0.0232134 0.385741 0.922117
1654232574.137990952 275.996 18.0755 -6.17077 0.0187964 0.0231125 0.385597 0.922186
1654232574.137990952 275.992 17.9554 -6.12897 0.0187556 0.0231931 0.384774 0.922529
1654232574.534624577 276.644 18.7566 -6.17316 0.0176898 0.024581 0.386211 0.921913
1654232574.534624577 276.641 18.6375 -6.13143 0.01773 0.0246017 0.385359 0.922269
1654232575.033061743 277.583 19.7385 -6.21767 0.0168753 0.0258497 0.385879 0.922033
1654232575.033061743 277.578 19.6186 -6.17561 0.0168798 0.0259066 0.384973 0.92241
1654232575.469510555 278.415 20.6162 -6.28753 0.0155423 0.0268218 0.384339 0.922671
1654232575.469510555 278.412 20.4934 -6.24558 0.0155276 0.0269257 0.383448 0.923039
1654232575.800246239 279.107 21.2208 -6.29661 0.0152714 0.0272693 0.383148 0.923158
1654232575.800246239 279.111 21.3464 -6.33843 0.0152305 0.0271965 0.384041 0.92279
1654232576.135559797 279.832 22.1021 -6.3789 0.0148906 0.0274954 0.383329 0.923083
1654232576.135559797 279.83 21.9738 -6.33746 0.0149803 0.0275001 0.382436 0.923451
1654232576.472705841 280.517 22.8182 -6.42198 0.014498 0.0279394 0.382546 0.9234
1654232576.472705841 280.514 22.6882 -6.38032 0.0145698 0.0279761 0.381618 0.923782
1654232576.864788771 281.283 23.4896 -6.42907 0.0138324 0.0285142 0.377175 0.9256
1654232576.864788771 281.284 23.6205 -6.47092 0.0137975 0.0284506 0.378065 0.925239
1654232577.362487078 282.105 24.3249 -6.48255 0.0131413 0.0286444 0.369763 0.928591
1654232577.362487078 282.104 24.4583 -6.52443 0.0131256 0.0285314 0.370635 0.928247
1654232577.865423918 282.832 25.1758 -6.56853 0.0125541 0.0284167 0.361682 0.931784
1654232577.865423918 282.839 25.0403 -6.52656 0.0125597 0.0286831 0.360842 0.932101
1654232578.528578997 283.681 25.965 -6.61616 0.0109715 0.0280458 0.334924 0.941764
1654232578.528578997 283.693 25.831 -6.57462 0.0109753 0.028269 0.334075 0.942059
1654232579.361079454 284.508 26.4973 -6.62066 0.0102762 0.0277553 0.317164 0.947909
1654232579.361079454 284.498 26.6334 -6.6622 0.0102942 0.0275348 0.318066 0.947613
1654232580.195705175 285.404 27.3349 -6.70176 0.0128491 0.0266754 0.330529 0.943331
1654232580.195705175 285.414 27.2012 -6.66016 0.0128234 0.0267997 0.329593 0.943656
1654232580.807711840 286.306 28.0954 -6.73915 0.0140942 0.0276943 0.353072 0.93508
1654232580.807711840 286.329 27.9521 -6.69825 0.0140825 0.0278076 0.35235 0.935349
1654232581.195815802 287.06 28.7923 -6.77015 0.0151588 0.0282521 0.369989 0.928483
1654232581.195815802 287.082 28.6503 -6.7292 0.0151232 0.0283446 0.369229 0.928783
1654232581.636939526 287.888 29.6208 -6.80399 0.0156839 0.0286502 0.380553 0.924182
1654232581.636939526 287.91 29.4804 -6.76296 0.0156406 0.0287433 0.379764 0.924504
1654232581.972719908 288.625 30.2206 -6.79418 0.0155218 0.0294346 0.383292 0.923028
1654232581.972719908 288.601 30.3609 -6.83511 0.0155672 0.0293892 0.384091 0.922696
1654232582.315218210 289.388 31.023 -6.83183 0.0152441 0.0296302 0.383541 0.922923
1654232582.315218210 289.364 31.1649 -6.87274 0.0153087 0.029593 0.384342 0.922589
1654232582.639842987 290.18 32.0212 -6.91165 0.0147108 0.0305135 0.384305 0.922584
1654232582.639842987 290.203 31.8761 -6.8705 0.0146725 0.0305811 0.383507 0.922915
1654232582.864969015 290.839 32.5473 -6.90831 0.0144472 0.0311205 0.383814 0.922773
1654232582.864969015 290.814 32.6913 -6.94862 0.0144876 0.0311488 0.384608 0.922441
1654232583.204158783 291.689 33.6148 -7.002 0.0141981 0.0319472 0.385248 0.922151
1654232583.204158783 291.715 33.4691 -6.96104 0.0141335 0.031944 0.384447 0.922486
1654232583.530162096 292.607 34.4104 -7.02021 0.0139769 0.0322324 0.383635 0.922816
1654232583.530162096 292.577 34.5551 -7.05926 0.0139996 0.032219 0.384436 0.922483
1654232583.863519907 293.45 35.4715 -7.10621 0.0133274 0.0333849 0.382873 0.923102
1654232583.863519907 293.479 35.3253 -7.06783 0.0133584 0.0332535 0.382012 0.923462
1654232584.197872162 294.319 36.208 -7.12498 0.0130705 0.0335993 0.379789 0.92437
1654232584.197872162 294.291 36.3536 -7.1609 0.0129547 0.0337115 0.380695 0.923995
1654232584.533748388 295.108 37.1988 -7.20525 0.0127164 0.0338763 0.379497 0.924485
1654232584.533748388 295.137 37.0499 -7.17088 0.0129641 0.0336118 0.378599 0.92486
1654232584.864423990 295.948 37.8788 -7.21055 0.0134589 0.0326635 0.377706 0.925251
1654232584.864423990 295.911 38.0328 -7.24424 0.0131492 0.0329923 0.378515 0.924913
1654232585.199025869 296.713 38.8485 -7.27863 0.0135586 0.0322162 0.378123 0.925095
1654232585.199025869 296.751 38.6955 -7.24479 0.0138902 0.031847 0.377292 0.925442
1654232585.534038305 297.527 39.6798 -7.31108 0.0135078 0.0322322 0.376072 0.925931
1654232585.534038305 297.563 39.526 -7.27642 0.013707 0.031988 0.375192 0.926294
1654232585.865928650 298.396 40.3681 -7.31369 0.0135736 0.0318769 0.373642 0.926926
1654232585.865928650 298.361 40.523 -7.34896 0.0134429 0.0320506 0.374553 0.926554
1654232586.200923681 299.208 41.3729 -7.38118 0.0134051 0.0309374 0.373642 0.92696
1654232586.200923681 299.242 41.2179 -7.34577 0.0135194 0.0307479 0.372692 0.927347
1654232586.534333229 300.083 42.2492 -7.41631 0.0131435 0.0311943 0.372951 0.927233
1654232586.534333229 300.12 42.0917 -7.38123 0.0133302 0.0309251 0.372027 0.927611
1654232586.866427183 301.011 42.9771 -7.4149 0.012972 0.0312458 0.370834 0.928083
1654232586.866427183 300.974 43.1382 -7.45057 0.012859 0.031495 0.371757 0.927707
1654232587.198648930 301.86 44.018 -7.49074 0.0127805 0.0315456 0.370501 0.928208
1654232587.198648930 301.902 43.8562 -7.45514 0.0128981 0.0312711 0.369571 0.928587
1654232587.533331394 302.768 44.7065 -7.49717 0.0122469 0.0320239 0.366166 0.929918
1654232587.533331394 302.726 44.8696 -7.533 0.0120962 0.0323065 0.367101 0.929541
1654232587.866216660 303.566 45.6836 -7.58027 0.0119046 0.0325123 0.366103 0.92993
1654232587.866216660 303.609 45.5186 -7.54423 0.0120393 0.0322373 0.365167 0.930306
1654232588.200452089 304.387 46.4822 -7.62465 0.0117957 0.0326313 0.365535 0.930151
1654232588.200452089 304.431 46.3125 -7.58849 0.0119208 0.0323451 0.364616 0.93052
1654232588.533684969 305.193 47.2614 -7.66457 0.0117 0.032631 0.365157 0.9303
1654232588.533684969 305.238 47.0934 -7.62869 0.0119213 0.0322913 0.364208 0.930681
1654232588.982964993 306.158 48.1952 -7.70647 0.0113766 0.0328645 0.364371 0.930604
1654232588.982964993 306.207 48.0243 -7.67058 0.0116196 0.032538 0.363438 0.930977
1654232589.199820042 306.72 48.7389 -7.71848 0.011123 0.0334249 0.364274 0.930625
1654232589.199820042 306.771 48.565 -7.68245 0.0113221 0.03313 0.363374 0.930985
1654232589.648930311 307.712 49.4647 -7.72772 0.010989 0.033607 0.363382 0.930969
1654232589.648930311 307.659 49.6402 -7.76382 0.0107886 0.0338893 0.364276 0.930612
1654232589.980618000 308.436 50.1567 -7.78248 0.0104367 0.0340167 0.362615 0.931259
1654232589.980618000 308.381 50.3334 -7.81865 0.010274 0.0342947 0.363495 0.930908
1654232590.314328909 309.145 50.835 -7.84624 0.0102188 0.0341844 0.362159 0.931433
1654232590.314328909 309.09 51.0152 -7.88244 0.0100627 0.0344596 0.363022 0.931089
1654232590.697287560 310.013 51.8972 -7.93511 0.00925579 0.0351185 0.363014 0.931076
1654232590.697287560 310.072 51.713 -7.8991 0.00941046 0.0348484 0.362154 0.931419
1654232591.150860548 311.004 52.5997 -7.96412 0.0091038 0.0353093 0.361534 0.931646
1654232591.150860548 310.946 52.7835 -8.00007 0.00889029 0.0356675 0.362447 0.931279
1654232591.484738350 311.683 53.4856 -8.05134 0.00873688 0.0358967 0.361764 0.931537
1654232591.484738350 311.743 53.3011 -8.01468 0.00892108 0.0355859 0.360849 0.931902
1654232591.815498114 312.419 54.1876 -8.09701 0.00868132 0.0358654 0.361647 0.931585
1654232591.815498114 312.483 54.0013 -8.06 0.00878449 0.0356596 0.360741 0.931943
1654232592.149202347 313.192 54.9191 -8.14321 0.00818494 0.0370341 0.362207 0.931326
1654232592.149202347 313.255 54.7321 -8.10644 0.0083019 0.0368679 0.36129 0.931687
1654232592.482156277 313.964 55.6516 -8.202 0.0080052 0.0374725 0.361635 0.931532
1654232592.482156277 314.028 55.4637 -8.16517 0.0080754 0.0373302 0.360701 0.931899
1654232592.814292908 314.783 56.1803 -8.22603 0.00797001 0.0376739 0.361048 0.931752
1654232592.814292908 314.718 56.3701 -8.26235 0.00788347 0.037881 0.361981 0.931382
1654232593.141943693 315.535 56.895 -8.29144 0.00789533 0.0381584 0.362107 0.931322
1654232593.141943693 315.467 57.0859 -8.32798 0.00780444 0.0383653 0.363033 0.930954
1654232593.491084337 316.218 57.8012 -8.39141 0.00772854 0.0394368 0.366011 0.929742
1654232593.491084337 316.287 57.6087 -8.35455 0.00781435 0.0392306 0.36505 0.930128
1654232593.805146694 316.98 58.544 -8.47225 0.00821717 0.039841 0.373121 0.92689
1654232593.805146694 317.05 58.351 -8.4355 0.0082642 0.0396102 0.372151 0.92729
1654232594.138728857 317.777 59.3471 -8.54112 0.00809891 0.0416835 0.380878 0.92365
1654232594.138728857 317.847 59.1533 -8.50434 0.00819085 0.0414668 0.379868 0.924074
1654232594.358470917 318.46 59.7864 -8.57533 0.00840577 0.0419392 0.384863 0.921982
1654232594.358470917 318.389 59.9809 -8.61189 0.00834129 0.0421857 0.385873 0.921549
1654232594.691069126 319.238 60.8836 -8.69728 0.00842835 0.0431945 0.390618 0.9195
1654232594.691069126 319.31 60.686 -8.66031 0.00847442 0.0429463 0.389618 0.919936
1654232595.026560307 320.202 61.6434 -8.74904 0.00847024 0.0437312 0.392014 0.91888
1654232595.026560307 320.125 61.8418 -8.78621 0.00844407 0.0439312 0.392993 0.918452
1654232595.356727839 321.053 62.8539 -8.87778 0.00773681 0.0451081 0.392147 0.918764
1654232595.356727839 321.132 62.6541 -8.84052 0.00776106 0.0449043 0.391152 0.919197
1654232595.689825058 322.063 63.6636 -8.94932 0.00681251 0.045753 0.385585 0.921512
1654232595.689825058 321.983 63.8654 -8.98632 0.00671423 0.0460029 0.386591 0.921079
1654232596.020893812 322.931 64.8625 -9.09749 0.00492393 0.0455219 0.365832 0.929554
1654232596.020893812 323.011 64.6553 -9.06027 0.00502969 0.0452549 0.364825 0.929962
1654232596.354992390 323.914 65.7943 -9.19411 0.00147532 0.0459014 0.328315 0.943451
1654232596.354992390 323.999 65.5868 -9.15701 0.00154444 0.0456249 0.327332 0.943806
1654232596.691022873 324.952 66.6344 -9.29775 -0.00216189 0.0445606 0.278557 0.959383
1654232596.691022873 325.034 66.4212 -9.25972 -0.00207928 0.0443388 0.277517 0.959695
1654232597.019012928 326.068 67.3375 -9.4027 -0.00680983 0.0425516 0.219342 0.974696
1654232597.019012928 326.148 67.1298 -9.36467 -0.00656085 0.0422875 0.218152 0.974976
1654232597.353057146 327.252 67.9071 -9.50872 -0.0116891 0.0400287 0.147355 0.988204
1654232597.353057146 327.331 67.7005 -9.47047 -0.0115072 0.039789 0.146088 0.988404
1654232597.685799837 328.567 68.1061 -9.57938 -0.00262348 0.0405287 0.0650336 0.997056
1654232597.685799837 328.484 68.3186 -9.61771 -0.00271915 0.0405638 0.0662615 0.996974
1654232598.019141674 329.746 68.5312 -9.72787 0.00785952 0.042357 -0.0222674 0.998823
1654232598.019141674 329.832 68.3124 -9.68984 0.00791581 0.0423584 -0.0234308 0.998796
1654232598.352273941 331.022 68.5034 -9.83703 0.0071665 0.0424812 -0.106595 0.993369
1654232598.352273941 331.108 68.2813 -9.79904 0.00719688 0.0425097 -0.10776 0.993242
1654232598.685764790 332.265 68.2357 -9.95011 0.00897275 0.043314 -0.187042 0.981355
1654232598.685764790 332.361 67.9973 -9.9133 0.00886101 0.0433641 -0.187704 0.981228
1654232599.017802715 333.476 67.7194 -10.0711 0.00357258 0.0437691 -0.262192 0.964016
1654232599.017802715 333.565 67.5007 -10.0333 0.00357919 0.0436631 -0.263184 0.96375
1654232599.279456139 334.298 67.2442 -10.1586 0.0131452 0.0425804 -0.309979 0.949698
1654232599.351892948 334.631 66.8152 -10.1493 0.0149398 0.0422973 -0.326176 0.944244
1654232599.516834021 335.071 66.6868 -10.2441 0.012316 0.0428203 -0.351657 0.935068
1654232599.682008028 335.632 66.0121 -10.2657 0.0128704 0.0425583 -0.375432 0.925783
1654232599.941575527 336.343 65.3228 -10.3566 0.010847 0.042615 -0.401834 0.914656
1654232599.848503590 336.043 65.8244 -10.3619 0.0123038 0.0425381 -0.393778 0.918138
1654232600.109241009 336.741 65.1056 -10.4532 0.0125082 0.0424272 -0.416745 0.907946
1654232600.182202101 337.041 64.5794 -10.4479 0.0108249 0.0423972 -0.423491 0.904843
1654232600.348947048 337.431 64.31 -10.5473 0.0151146 0.0414858 -0.434364 0.899655
1654232600.447261095 337.727 63.7766 -10.5423 0.0164548 0.0410256 -0.438408 0.897688
1654232600.685285568 338.33 63.1708 -10.6763 0.0201131 0.0415888 -0.449944 0.891861
1654232600.685285568 338.403 62.9174 -10.639 0.0205028 0.041339 -0.450051 0.89181
1654232600.955554724 338.986 62.3085 -10.7781 0.0194297 0.0425912 -0.459563 0.886911
1654232601.019797564 339.275 61.7649 -10.7749 0.0195572 0.0424046 -0.462465 0.885407
1654232601.187051535 339.618 61.4383 -10.8809 0.0186951 0.0432217 -0.466466 0.883285
1654232601.286562443 339.902 60.8996 -10.8762 0.0189684 0.0433173 -0.468186 0.882364
1654232601.520731211 340.516 60.015 -10.9798 0.0195026 0.0442952 -0.47241 0.880049
1654232601.520731211 340.441 60.2608 -11.0187 0.0182821 0.044161 -0.472189 0.880201
1654232601.854083300 341.308 58.848 -11.1201 0.0188482 0.0448176 -0.478377 0.876807
1654232601.789654016 341.04 59.3969 -11.1223 0.0177915 0.0446218 -0.476633 0.877789
1654232602.020578384 341.624 58.5221 -11.225 0.0179629 0.0451143 -0.480211 0.875808
1654232602.120331764 341.887 57.9813 -11.2237 0.018983 0.0453097 -0.480659 0.875531
1654232602.355316162 342.456 57.1137 -11.3282 0.0189136 0.0454057 -0.481614 0.875002
1654232602.355316162 342.385 57.3679 -11.3609 0.0179164 0.0452514 -0.481506 0.87509
1654232602.685900688 343.142 56.2188 -11.4921 0.019912 0.0445623 -0.481511 0.87508
1654232602.685900688 343.211 55.9606 -11.4593 0.0206781 0.044721 -0.481543 0.875037
1654232603.020062685 343.885 55.0837 -11.6256 0.0203367 0.0449588 -0.480836 0.875421
1654232603.020062685 343.954 54.8258 -11.5929 0.0211093 0.045129 -0.480875 0.875372
1654232603.351524115 344.612 53.9769 -11.7517 0.0214577 0.0458076 -0.476201 0.87788
1654232603.351524115 344.681 53.7172 -11.7191 0.0222258 0.0459871 -0.476229 0.877836
1654232603.683048248 345.339 52.9061 -11.8738 0.0231306 0.0472218 -0.467844 0.882245
1654232603.683048248 345.407 52.6462 -11.8414 0.023919 0.0474524 -0.467834 0.882217
1654232604.019521236 346.07 51.8684 -12.0044 0.0256087 0.0473047 -0.44743 0.8927
1654232604.019521236 346.14 51.6094 -11.9725 0.0264015 0.0475227 -0.44746 0.89265
1654232604.349685669 346.811 50.9295 -12.137 0.0297134 0.0463522 -0.407429 0.911576
1654232604.349685669 346.885 50.6726 -12.1062 0.0303943 0.0464823 -0.407552 0.911491
1654232604.680855274 347.57 50.1286 -12.2513 0.0346831 0.0451531 -0.35881 0.931673
1654232604.680855274 347.638 49.8688 -12.2206 0.0353887 0.0452242 -0.3588 0.931647
1654232605.110033512 348.582 49.0844 -12.3485 0.0409224 0.0431168 -0.286746 0.95616
1654232605.110033512 348.522 49.3446 -12.3796 0.040439 0.0431461 -0.286898 0.956134
1654232605.515660048 349.509 48.7733 -12.4959 0.0347342 0.0418571 -0.198206 0.97865
1654232605.515660048 349.556 48.5161 -12.4637 0.034996 0.0417813 -0.197897 0.978706
1654232606.018443346 350.725 48.1278 -12.5812 0.0162085 0.0414499 -0.0913525 0.994824
1654232606.018443346 350.652 48.3601 -12.6138 0.0161822 0.0414778 -0.0910976 0.994846
